areaType,areaName,areaCode,date,newCasesBySpecimenDate,cumCasesBySpecimenDate
ltla,Colchester,E07000071,2020-08-21,0,743
ltla,Colchester,E07000071,2020-08-20,0,743
ltla,Colchester,E07000071,2020-08-19,0,743
ltla,Colchester,E07000071,2020-08-18,0,743
ltla,Colchester,E07000071,2020-08-17,0,743
ltla,Colchester,E07000071,2020-08-16,0,743
ltla,Colchester,E07000071,2020-08-15,2,743
ltla,Colchester,E07000071,2020-08-14,2,741
ltla,Colchester,E07000071,2020-08-13,3,739
ltla,Colchester,E07000071,2020-08-12,0,736
ltla,Colchester,E07000071,2020-08-11,1,736
ltla,Colchester,E07000071,2020-08-10,0,735
ltla,Colchester,E07000071,2020-08-09,0,735
ltla,Colchester,E07000071,2020-08-08,1,735
ltla,Colchester,E07000071,2020-08-07,0,734
ltla,Colchester,E07000071,2020-08-06,0,734
ltla,Colchester,E07000071,2020-08-05,1,734
ltla,Colchester,E07000071,2020-08-04,0,733
ltla,Colchester,E07000071,2020-08-03,1,733
ltla,Colchester,E07000071,2020-08-02,0,732
ltla,Colchester,E07000071,2020-08-01,0,732
ltla,Colchester,E07000071,2020-07-31,0,732
ltla,Colchester,E07000071,2020-07-30,2,732
ltla,Colchester,E07000071,2020-07-29,0,730
ltla,Colchester,E07000071,2020-07-28,2,730
ltla,Colchester,E07000071,2020-07-27,0,728
ltla,Colchester,E07000071,2020-07-26,0,728
ltla,Colchester,E07000071,2020-07-25,2,728
ltla,Colchester,E07000071,2020-07-24,1,726
ltla,Colchester,E07000071,2020-07-23,1,725
ltla,Colchester,E07000071,2020-07-22,3,724
ltla,Colchester,E07000071,2020-07-21,3,721
ltla,Colchester,E07000071,2020-07-20,3,718
ltla,Colchester,E07000071,2020-07-19,3,715
ltla,Colchester,E07000071,2020-07-18,1,712
ltla,Colchester,E07000071,2020-07-17,0,711
ltla,Colchester,E07000071,2020-07-16,0,711
ltla,Colchester,E07000071,2020-07-15,1,711
ltla,Colchester,E07000071,2020-07-14,1,710
ltla,Colchester,E07000071,2020-07-13,0,709
ltla,Colchester,E07000071,2020-07-12,1,709
ltla,Colchester,E07000071,2020-07-11,1,708
ltla,Colchester,E07000071,2020-07-10,1,707
ltla,Colchester,E07000071,2020-07-09,0,706
ltla,Colchester,E07000071,2020-07-08,0,706
ltla,Colchester,E07000071,2020-07-07,0,706
ltla,Colchester,E07000071,2020-07-06,1,706
ltla,Colchester,E07000071,2020-07-05,0,705
ltla,Colchester,E07000071,2020-07-04,1,705
ltla,Colchester,E07000071,2020-07-03,1,704
ltla,Colchester,E07000071,2020-07-02,0,703
ltla,Colchester,E07000071,2020-07-01,0,703
ltla,Colchester,E07000071,2020-06-30,2,703
ltla,Colchester,E07000071,2020-06-29,1,701
ltla,Colchester,E07000071,2020-06-28,1,700
ltla,Colchester,E07000071,2020-06-27,0,699
ltla,Colchester,E07000071,2020-06-26,2,699
ltla,Colchester,E07000071,2020-06-25,1,697
ltla,Colchester,E07000071,2020-06-24,1,696
ltla,Colchester,E07000071,2020-06-23,0,695
ltla,Colchester,E07000071,2020-06-22,0,695
ltla,Colchester,E07000071,2020-06-21,0,695
ltla,Colchester,E07000071,2020-06-20,0,695
ltla,Colchester,E07000071,2020-06-19,2,695
ltla,Colchester,E07000071,2020-06-18,1,693
ltla,Colchester,E07000071,2020-06-17,0,692
ltla,Colchester,E07000071,2020-06-16,1,692
ltla,Colchester,E07000071,2020-06-15,0,691
ltla,Colchester,E07000071,2020-06-14,1,691
ltla,Colchester,E07000071,2020-06-13,0,690
ltla,Colchester,E07000071,2020-06-12,0,690
ltla,Colchester,E07000071,2020-06-11,0,690
ltla,Colchester,E07000071,2020-06-10,2,690
ltla,Colchester,E07000071,2020-06-09,1,688
ltla,Colchester,E07000071,2020-06-08,0,687
ltla,Colchester,E07000071,2020-06-07,0,687
ltla,Colchester,E07000071,2020-06-06,1,687
ltla,Colchester,E07000071,2020-06-05,3,686
ltla,Colchester,E07000071,2020-06-04,3,683
ltla,Colchester,E07000071,2020-06-03,3,680
ltla,Colchester,E07000071,2020-06-02,3,677
ltla,Colchester,E07000071,2020-06-01,1,674
ltla,Colchester,E07000071,2020-05-31,0,673
ltla,Colchester,E07000071,2020-05-30,0,673
ltla,Colchester,E07000071,2020-05-29,0,673
ltla,Colchester,E07000071,2020-05-28,3,673
ltla,Colchester,E07000071,2020-05-27,3,670
ltla,Colchester,E07000071,2020-05-26,0,667
ltla,Colchester,E07000071,2020-05-25,1,667
ltla,Colchester,E07000071,2020-05-24,4,666
ltla,Colchester,E07000071,2020-05-23,2,662
ltla,Colchester,E07000071,2020-05-22,8,660
ltla,Colchester,E07000071,2020-05-21,7,652
ltla,Colchester,E07000071,2020-05-20,9,645
ltla,Colchester,E07000071,2020-05-19,9,636
ltla,Colchester,E07000071,2020-05-18,14,627
ltla,Colchester,E07000071,2020-05-17,8,613
ltla,Colchester,E07000071,2020-05-16,8,605
ltla,Colchester,E07000071,2020-05-15,7,597
ltla,Colchester,E07000071,2020-05-14,7,590
ltla,Colchester,E07000071,2020-05-13,7,583
ltla,Colchester,E07000071,2020-05-12,13,576
ltla,Colchester,E07000071,2020-05-11,6,563
ltla,Colchester,E07000071,2020-05-10,9,557
ltla,Colchester,E07000071,2020-05-09,3,548
ltla,Colchester,E07000071,2020-05-08,5,545
ltla,Colchester,E07000071,2020-05-07,12,540
ltla,Colchester,E07000071,2020-05-06,13,528
ltla,Colchester,E07000071,2020-05-05,18,515
ltla,Colchester,E07000071,2020-05-04,9,497
ltla,Colchester,E07000071,2020-05-03,15,488
ltla,Colchester,E07000071,2020-05-02,8,473
ltla,Colchester,E07000071,2020-05-01,19,465
ltla,Colchester,E07000071,2020-04-30,22,446
ltla,Colchester,E07000071,2020-04-29,20,424
ltla,Colchester,E07000071,2020-04-28,21,404
ltla,Colchester,E07000071,2020-04-27,29,383
ltla,Colchester,E07000071,2020-04-26,16,354
ltla,Colchester,E07000071,2020-04-25,36,338
ltla,Colchester,E07000071,2020-04-24,23,302
ltla,Colchester,E07000071,2020-04-23,23,279
ltla,Colchester,E07000071,2020-04-22,24,256
ltla,Colchester,E07000071,2020-04-21,19,232
ltla,Colchester,E07000071,2020-04-20,20,213
ltla,Colchester,E07000071,2020-04-19,9,193
ltla,Colchester,E07000071,2020-04-18,9,184
ltla,Colchester,E07000071,2020-04-17,7,175
ltla,Colchester,E07000071,2020-04-16,10,168
ltla,Colchester,E07000071,2020-04-15,8,158
ltla,Colchester,E07000071,2020-04-14,6,150
ltla,Colchester,E07000071,2020-04-13,21,144
ltla,Colchester,E07000071,2020-04-12,2,123
ltla,Colchester,E07000071,2020-04-11,14,121
ltla,Colchester,E07000071,2020-04-10,4,107
ltla,Colchester,E07000071,2020-04-09,3,103
ltla,Colchester,E07000071,2020-04-08,6,100
ltla,Colchester,E07000071,2020-04-07,3,94
ltla,Colchester,E07000071,2020-04-06,10,91
ltla,Colchester,E07000071,2020-04-05,4,81
ltla,Colchester,E07000071,2020-04-04,8,77
ltla,Colchester,E07000071,2020-04-03,4,69
ltla,Colchester,E07000071,2020-04-02,6,65
ltla,Colchester,E07000071,2020-04-01,6,59
ltla,Colchester,E07000071,2020-03-31,7,53
ltla,Colchester,E07000071,2020-03-30,6,46
ltla,Colchester,E07000071,2020-03-29,7,40
ltla,Colchester,E07000071,2020-03-28,2,33
ltla,Colchester,E07000071,2020-03-27,4,31
ltla,Colchester,E07000071,2020-03-26,6,27
ltla,Colchester,E07000071,2020-03-25,5,21
ltla,Colchester,E07000071,2020-03-24,4,16
ltla,Colchester,E07000071,2020-03-23,4,12
ltla,Colchester,E07000071,2020-03-22,2,8
ltla,Colchester,E07000071,2020-03-21,1,6
ltla,Colchester,E07000071,2020-03-20,2,5
ltla,Colchester,E07000071,2020-03-19,1,3
ltla,Colchester,E07000071,2020-03-18,0,2
ltla,Colchester,E07000071,2020-03-17,0,2
ltla,Colchester,E07000071,2020-03-16,0,2
ltla,Colchester,E07000071,2020-03-15,0,2
ltla,Colchester,E07000071,2020-03-14,1,2
ltla,Colchester,E07000071,2020-03-13,0,1
ltla,Colchester,E07000071,2020-03-12,0,1
ltla,Colchester,E07000071,2020-03-11,0,1
ltla,Colchester,E07000071,2020-03-10,1,1
