areaType,areaName,areaCode,date,newCasesBySpecimenDate,cumCasesBySpecimenDate
utla,Lancashire,E10000017,2020-08-21,0,7924
utla,Lancashire,E10000017,2020-08-20,17,7924
utla,Lancashire,E10000017,2020-08-19,24,7907
utla,Lancashire,E10000017,2020-08-18,28,7883
utla,Lancashire,E10000017,2020-08-17,27,7855
utla,Lancashire,E10000017,2020-08-16,21,7828
utla,Lancashire,E10000017,2020-08-15,18,7807
utla,Lancashire,E10000017,2020-08-14,35,7789
utla,Lancashire,E10000017,2020-08-13,34,7754
utla,Lancashire,E10000017,2020-08-12,41,7720
utla,Lancashire,E10000017,2020-08-11,54,7679
utla,Lancashire,E10000017,2020-08-10,64,7625
utla,Lancashire,E10000017,2020-08-09,34,7561
utla,Lancashire,E10000017,2020-08-08,26,7527
utla,Lancashire,E10000017,2020-08-07,39,7501
utla,Lancashire,E10000017,2020-08-06,37,7462
utla,Lancashire,E10000017,2020-08-05,44,7425
utla,Lancashire,E10000017,2020-08-04,64,7381
utla,Lancashire,E10000017,2020-08-03,52,7317
utla,Lancashire,E10000017,2020-08-02,43,7265
utla,Lancashire,E10000017,2020-08-01,22,7222
utla,Lancashire,E10000017,2020-07-31,20,7200
utla,Lancashire,E10000017,2020-07-30,32,7180
utla,Lancashire,E10000017,2020-07-29,53,7148
utla,Lancashire,E10000017,2020-07-28,17,7095
utla,Lancashire,E10000017,2020-07-27,21,7078
utla,Lancashire,E10000017,2020-07-26,19,7057
utla,Lancashire,E10000017,2020-07-25,21,7038
utla,Lancashire,E10000017,2020-07-24,15,7017
utla,Lancashire,E10000017,2020-07-23,22,7002
utla,Lancashire,E10000017,2020-07-22,35,6980
utla,Lancashire,E10000017,2020-07-21,26,6945
utla,Lancashire,E10000017,2020-07-20,22,6919
utla,Lancashire,E10000017,2020-07-19,11,6897
utla,Lancashire,E10000017,2020-07-18,20,6886
utla,Lancashire,E10000017,2020-07-17,20,6866
utla,Lancashire,E10000017,2020-07-16,21,6846
utla,Lancashire,E10000017,2020-07-15,21,6825
utla,Lancashire,E10000017,2020-07-14,13,6804
utla,Lancashire,E10000017,2020-07-13,15,6791
utla,Lancashire,E10000017,2020-07-12,5,6776
utla,Lancashire,E10000017,2020-07-11,13,6771
utla,Lancashire,E10000017,2020-07-10,18,6758
utla,Lancashire,E10000017,2020-07-09,25,6740
utla,Lancashire,E10000017,2020-07-08,12,6715
utla,Lancashire,E10000017,2020-07-07,32,6703
utla,Lancashire,E10000017,2020-07-06,21,6671
utla,Lancashire,E10000017,2020-07-05,19,6650
utla,Lancashire,E10000017,2020-07-04,5,6631
utla,Lancashire,E10000017,2020-07-03,7,6626
utla,Lancashire,E10000017,2020-07-02,11,6619
utla,Lancashire,E10000017,2020-07-01,7,6608
utla,Lancashire,E10000017,2020-06-30,10,6601
utla,Lancashire,E10000017,2020-06-29,11,6591
utla,Lancashire,E10000017,2020-06-28,17,6580
utla,Lancashire,E10000017,2020-06-27,9,6563
utla,Lancashire,E10000017,2020-06-26,12,6554
utla,Lancashire,E10000017,2020-06-25,16,6542
utla,Lancashire,E10000017,2020-06-24,13,6526
utla,Lancashire,E10000017,2020-06-23,13,6513
utla,Lancashire,E10000017,2020-06-22,25,6500
utla,Lancashire,E10000017,2020-06-21,14,6475
utla,Lancashire,E10000017,2020-06-20,23,6461
utla,Lancashire,E10000017,2020-06-19,32,6438
utla,Lancashire,E10000017,2020-06-18,37,6406
utla,Lancashire,E10000017,2020-06-17,23,6369
utla,Lancashire,E10000017,2020-06-16,31,6346
utla,Lancashire,E10000017,2020-06-15,24,6315
utla,Lancashire,E10000017,2020-06-14,22,6291
utla,Lancashire,E10000017,2020-06-13,18,6269
utla,Lancashire,E10000017,2020-06-12,23,6251
utla,Lancashire,E10000017,2020-06-11,26,6228
utla,Lancashire,E10000017,2020-06-10,43,6202
utla,Lancashire,E10000017,2020-06-09,34,6159
utla,Lancashire,E10000017,2020-06-08,37,6125
utla,Lancashire,E10000017,2020-06-07,31,6088
utla,Lancashire,E10000017,2020-06-06,37,6057
utla,Lancashire,E10000017,2020-06-05,29,6020
utla,Lancashire,E10000017,2020-06-04,39,5991
utla,Lancashire,E10000017,2020-06-03,36,5952
utla,Lancashire,E10000017,2020-06-02,50,5916
utla,Lancashire,E10000017,2020-06-01,53,5866
utla,Lancashire,E10000017,2020-05-31,38,5813
utla,Lancashire,E10000017,2020-05-30,32,5775
utla,Lancashire,E10000017,2020-05-29,60,5743
utla,Lancashire,E10000017,2020-05-28,49,5683
utla,Lancashire,E10000017,2020-05-27,60,5634
utla,Lancashire,E10000017,2020-05-26,70,5574
utla,Lancashire,E10000017,2020-05-25,69,5504
utla,Lancashire,E10000017,2020-05-24,50,5435
utla,Lancashire,E10000017,2020-05-23,48,5385
utla,Lancashire,E10000017,2020-05-22,59,5337
utla,Lancashire,E10000017,2020-05-21,91,5278
utla,Lancashire,E10000017,2020-05-20,97,5187
utla,Lancashire,E10000017,2020-05-19,107,5090
utla,Lancashire,E10000017,2020-05-18,57,4983
utla,Lancashire,E10000017,2020-05-17,54,4926
utla,Lancashire,E10000017,2020-05-16,90,4872
utla,Lancashire,E10000017,2020-05-15,69,4782
utla,Lancashire,E10000017,2020-05-14,72,4713
utla,Lancashire,E10000017,2020-05-13,66,4641
utla,Lancashire,E10000017,2020-05-12,130,4575
utla,Lancashire,E10000017,2020-05-11,105,4445
utla,Lancashire,E10000017,2020-05-10,58,4340
utla,Lancashire,E10000017,2020-05-09,76,4282
utla,Lancashire,E10000017,2020-05-08,94,4206
utla,Lancashire,E10000017,2020-05-07,74,4112
utla,Lancashire,E10000017,2020-05-06,66,4038
utla,Lancashire,E10000017,2020-05-05,82,3972
utla,Lancashire,E10000017,2020-05-04,74,3890
utla,Lancashire,E10000017,2020-05-03,95,3816
utla,Lancashire,E10000017,2020-05-02,70,3721
utla,Lancashire,E10000017,2020-05-01,107,3651
utla,Lancashire,E10000017,2020-04-30,143,3544
utla,Lancashire,E10000017,2020-04-29,89,3401
utla,Lancashire,E10000017,2020-04-28,112,3312
utla,Lancashire,E10000017,2020-04-27,90,3200
utla,Lancashire,E10000017,2020-04-26,66,3110
utla,Lancashire,E10000017,2020-04-25,80,3044
utla,Lancashire,E10000017,2020-04-24,130,2964
utla,Lancashire,E10000017,2020-04-23,130,2834
utla,Lancashire,E10000017,2020-04-22,158,2704
utla,Lancashire,E10000017,2020-04-21,101,2546
utla,Lancashire,E10000017,2020-04-20,92,2445
utla,Lancashire,E10000017,2020-04-19,87,2353
utla,Lancashire,E10000017,2020-04-18,117,2266
utla,Lancashire,E10000017,2020-04-17,83,2149
utla,Lancashire,E10000017,2020-04-16,101,2066
utla,Lancashire,E10000017,2020-04-15,89,1965
utla,Lancashire,E10000017,2020-04-14,90,1876
utla,Lancashire,E10000017,2020-04-13,83,1786
utla,Lancashire,E10000017,2020-04-12,64,1703
utla,Lancashire,E10000017,2020-04-11,93,1639
utla,Lancashire,E10000017,2020-04-10,73,1546
utla,Lancashire,E10000017,2020-04-09,104,1473
utla,Lancashire,E10000017,2020-04-08,100,1369
utla,Lancashire,E10000017,2020-04-07,107,1269
utla,Lancashire,E10000017,2020-04-06,113,1162
utla,Lancashire,E10000017,2020-04-05,94,1049
utla,Lancashire,E10000017,2020-04-04,90,955
utla,Lancashire,E10000017,2020-04-03,112,865
utla,Lancashire,E10000017,2020-04-02,94,753
utla,Lancashire,E10000017,2020-04-01,91,659
utla,Lancashire,E10000017,2020-03-31,87,568
utla,Lancashire,E10000017,2020-03-30,97,481
utla,Lancashire,E10000017,2020-03-29,36,384
utla,Lancashire,E10000017,2020-03-28,42,348
utla,Lancashire,E10000017,2020-03-27,44,306
utla,Lancashire,E10000017,2020-03-26,63,262
utla,Lancashire,E10000017,2020-03-25,38,199
utla,Lancashire,E10000017,2020-03-24,41,161
utla,Lancashire,E10000017,2020-03-23,35,120
utla,Lancashire,E10000017,2020-03-22,16,85
utla,Lancashire,E10000017,2020-03-21,9,69
utla,Lancashire,E10000017,2020-03-20,8,60
utla,Lancashire,E10000017,2020-03-19,14,52
utla,Lancashire,E10000017,2020-03-18,10,38
utla,Lancashire,E10000017,2020-03-17,4,28
utla,Lancashire,E10000017,2020-03-16,7,24
utla,Lancashire,E10000017,2020-03-15,2,17
utla,Lancashire,E10000017,2020-03-14,0,15
utla,Lancashire,E10000017,2020-03-13,3,15
utla,Lancashire,E10000017,2020-03-12,5,12
utla,Lancashire,E10000017,2020-03-11,2,7
utla,Lancashire,E10000017,2020-03-10,0,5
utla,Lancashire,E10000017,2020-03-09,1,5
utla,Lancashire,E10000017,2020-03-08,0,4
utla,Lancashire,E10000017,2020-03-07,0,4
utla,Lancashire,E10000017,2020-03-06,0,4
utla,Lancashire,E10000017,2020-03-05,2,4
utla,Lancashire,E10000017,2020-03-04,0,2
utla,Lancashire,E10000017,2020-03-03,0,2
utla,Lancashire,E10000017,2020-03-02,0,2
utla,Lancashire,E10000017,2020-03-01,2,2
